{
 "cells": [
  {
   "cell_type": "markdown",
   "id": "35280d7a-a4bd-4c01-b61a-a95956a961b6",
   "metadata": {},
   "source": []
  },
  {
   "cell_type": "code",
   "execution_count": 24,
   "id": "7b896ee9-c5ec-42c2-9c12-92582216431d",
   "metadata": {},
   "outputs": [],
   "source": [
    "from Bio import SeqIO\n",
    "import numpy as np\n",
    "import matplotlib.pyplot as plt\n",
    "\n",
    "records = SeqIO.parse(\"chr1.fa\", \"fasta\")\n",
    "record = next(records)\n",
    "genome = record.seq\n",
    "seq = genome[:1_000_000]"
   ]
  },
  {
   "cell_type": "code",
   "execution_count": 5,
   "id": "2a7b81d4-0365-41ca-b22e-c6d5df11addb",
   "metadata": {},
   "outputs": [],
   "source": [
    "nucleotides = ['A', 'T', 'G', 'C']\n",
    "index = {nuc: i for i, nuc in enumerate(nucleotides)}"
   ]
  },
  {
   "cell_type": "code",
   "execution_count": 6,
   "id": "a25adc5f-68dd-4ffd-8990-201c27826519",
   "metadata": {},
   "outputs": [],
   "source": [
    "dinuc_counts = np.zeros((4, 4), dtype=int)\n",
    "for i in range(len(seq) - 1):\n",
    "    a, b = seq[i], seq[i+1]\n",
    "    if a in nucleotides and b in nucleotides:\n",
    "        dinuc_counts[index[a], index[b]] += 1"
   ]
  },
  {
   "cell_type": "code",
   "execution_count": 7,
   "id": "f1ab28e0-4072-40c7-8b1e-ce030016fb49",
   "metadata": {},
   "outputs": [
    {
     "name": "stdout",
     "output_type": "stream",
     "text": [
      "Частоты динуклеотидов (матрица счетов):\n",
      "[[76770 55624 61373 45670]\n",
      " [45605 61806 60457 49199]\n",
      " [51537 40356 55009 43560]\n",
      " [65525 59282 13622 54601]]\n"
     ]
    }
   ],
   "source": [
    "print(\"Частоты динуклеотидов (матрица счетов):\")\n",
    "print(dinuc_counts)"
   ]
  },
  {
   "cell_type": "code",
   "execution_count": 8,
   "id": "9951f023-35db-4fab-8017-d4c3800a6b0f",
   "metadata": {},
   "outputs": [],
   "source": [
    "transition_matrix = dinuc_counts / dinuc_counts.sum(axis=1, keepdims=True)"
   ]
  },
  {
   "cell_type": "code",
   "execution_count": 29,
   "id": "fe0da1e9-7d58-4ba5-9413-fa0921a53ea9",
   "metadata": {},
   "outputs": [
    {
     "name": "stdout",
     "output_type": "stream",
     "text": [
      "\n",
      "Матрица переходов (Pij):\n",
      "[[0.3206 0.2323 0.2563 0.1907]\n",
      " [0.2101 0.2847 0.2785 0.2267]\n",
      " [0.2706 0.2119 0.2888 0.2287]\n",
      " [0.3395 0.3071 0.0706 0.2829]]\n"
     ]
    }
   ],
   "source": [
    "print(\"\\nМатрица переходов (Pij):\")\n",
    "print(np.round(transition_matrix, 4))"
   ]
  },
  {
   "cell_type": "code",
   "execution_count": 18,
   "id": "31a84523-9f92-4b2f-acc9-36cffba3fd32",
   "metadata": {},
   "outputs": [
    {
     "data": {
      "text/plain": [
       "array([[0.32062714, 0.23231163, 0.25632212, 0.19073911],\n",
       "       [0.21009642, 0.28473236, 0.27851769, 0.22665352],\n",
       "       [0.27058941, 0.21188479, 0.28881877, 0.22870704],\n",
       "       [0.33945501, 0.30711288, 0.07056934, 0.28286277]])"
      ]
     },
     "execution_count": 18,
     "metadata": {},
     "output_type": "execute_result"
    }
   ],
   "source": [
    "transition_matrix"
   ]
  },
  {
   "cell_type": "code",
   "execution_count": 30,
   "id": "d6796ff4-7272-4a54-b19a-6617ea2b9e85",
   "metadata": {},
   "outputs": [
    {
     "name": "stdout",
     "output_type": "stream",
     "text": [
      "\n",
      "Сумма строк матрицы переходов (должна быть 1):\n",
      "[1. 1. 1. 1.]\n"
     ]
    }
   ],
   "source": [
    "row_sums = transition_matrix.sum(axis=1)\n",
    "print(\"\\nСумма строк матрицы переходов (должна быть 1):\")\n",
    "print(np.round(row_sums, 4))"
   ]
  },
  {
   "cell_type": "code",
   "execution_count": 12,
   "id": "a0907d87-5df4-452f-9f75-ab925159d727",
   "metadata": {},
   "outputs": [],
   "source": [
    "eigvals, eigvecs = np.linalg.eig(transition_matrix.T)\n",
    "stationary = np.real(eigvecs[:, np.isclose(eigvals, 1)])\n",
    "stationary = stationary / stationary.sum()  \n",
    "stationary = stationary.flatten()"
   ]
  },
  {
   "cell_type": "code",
   "execution_count": 31,
   "id": "9022893d-ff35-477d-9092-bc4b967586f0",
   "metadata": {},
   "outputs": [
    {
     "name": "stdout",
     "output_type": "stream",
     "text": [
      "\n",
      "Стационарное распределение\n",
      "A: 0.2850\n",
      "T: 0.2584\n",
      "G: 0.2267\n",
      "C: 0.2298\n"
     ]
    }
   ],
   "source": [
    "print(\"\\nСтационарное распределение\")\n",
    "for nuc, freq in zip(nucleotides, stationary):\n",
    "    print(f\"{nuc}: {freq:.4f}\")"
   ]
  },
  {
   "cell_type": "code",
   "execution_count": 32,
   "id": "d4a89a16-e116-48ab-9bc8-2d722b3b1f06",
   "metadata": {},
   "outputs": [
    {
     "name": "stdout",
     "output_type": "stream",
     "text": [
      "\n",
      "Наблюдаемые частоты нуклеотидов:\n",
      "A: 0.2850\n",
      "T: 0.2584\n",
      "G: 0.2267\n",
      "C: 0.2298\n"
     ]
    }
   ],
   "source": [
    "obs_counts = np.array([seq.count(nuc) for nuc in nucleotides])\n",
    "obs_freq = obs_counts / obs_counts.sum()\n",
    "print(\"\\nНаблюдаемые частоты нуклеотидов:\")\n",
    "for nuc, freq in zip(nucleotides, obs_freq):\n",
    "    print(f\"{nuc}: {freq:.4f}\")"
   ]
  },
  {
   "cell_type": "code",
   "execution_count": 33,
   "id": "a2bdd025-2288-4468-a65d-442f56e20503",
   "metadata": {},
   "outputs": [
    {
     "name": "stdout",
     "output_type": "stream",
     "text": [
      "\n",
      "Сравнение стационарного распределения с наблюдаемыми частотами:\n",
      "A: π=0.2850, наблюдаемая=0.2850\n",
      "T: π=0.2584, наблюдаемая=0.2584\n",
      "G: π=0.2267, наблюдаемая=0.2267\n",
      "C: π=0.2298, наблюдаемая=0.2298\n"
     ]
    }
   ],
   "source": [
    "print(\"\\nСравнение стационарного распределения с наблюдаемыми частотами:\")\n",
    "for nuc, s, o in zip(nucleotides, stationary, obs_freq):\n",
    "    print(f\"{nuc}: π={s:.4f}, наблюдаемая={o:.4f}\")"
   ]
  }
 ],
 "metadata": {
  "kernelspec": {
   "display_name": "Python 3 (ipykernel)",
   "language": "python",
   "name": "python3"
  },
  "language_info": {
   "codemirror_mode": {
    "name": "ipython",
    "version": 3
   },
   "file_extension": ".py",
   "mimetype": "text/x-python",
   "name": "python",
   "nbconvert_exporter": "python",
   "pygments_lexer": "ipython3",
   "version": "3.11.3"
  }
 },
 "nbformat": 4,
 "nbformat_minor": 5
}
